1 3 20240101 120000 김사부
2 18 20240312 75000 박정민
3 29 20240523 300000 황정민
4 7 20240710 50000 김사부
5 11 20240128 90000 박정민
6 2 20240220 60000 황정민
7 15 20240415 100000 김사부
8 1 20240430 150000 황정민
9 25 20240517 45000 박정민
10 13 20240609 200000 김사부
11 6 20240107 175000 황정민
12 8 20240323 220000 김사부
13 20 20240502 90000 박정민
14 9 20240216 110000 황정민
15 4 20240308 75000 김사부
16 27 20240620 50000 황정민
17 19 20240701 95000 박정민
18 5 20240228 300000 김사부
19 14 20240408 100000 황정민
20 21 20240530 200000 박정민
21 17 20240704 175000 김사부
22 12 20240113 220000 황정민
23 23 20240318 90000 박정민
24 10 20240525 110000 김사부
25 24 20240210 45000 황정민
26 28 20240329 75000 박정민
27 16 20240707 150000 김사부
28 22 20240425 50000 황정민
29 30 20240510 300000 박정민
30 26 20240105 100000 김사부
31 3 20240709 200000 황정민
32 11 20240301 175000 박정민
33 18 20240420 220000 김사부
34 6 20240522 90000 황정민
35 27 20240225 110000 박정민
36 7 20240130 45000 김사부
37 13 20240412 75000 황정민
38 5 20240611 50000 박정민
39 29 20240203 300000 김사부
40 15 20240513 100000 황정민
41 12 20240702 200000 박정민
42 25 20240118 175000 김사부
43 8 20240315 220000 황정민
44 20 20240427 90000 박정민
45 1 20240208 110000 김사부
46 17 20240519 45000 황정민
47 10 20240711 75000 박정민
48 14 20240104 50000 김사부
49 2 20240616 300000 황정민
50 9 20240226 100000 박정민
51 24 20240531 200000 김사부
52 19 20240320 175000 황정민
53 28 20240116 220000 박정민
54 22 20240505 90000 김사부
55 26 20240703 110000 황정민
56 23 20240215 45000 박정민
57 16 20240418 75000 김사부
58 30 20240521 50000 황정민
59 3 20240708 300000 박정민
60 11 20240325 100000 김사부
61 18 20240612 200000 황정민
62 6 20240206 175000 박정민
63 27 20240524 220000 김사부
64 7 20240122 90000 황정민
65 15 20240310 110000 박정민
66 13 20240422 45000 김사부
67 5 20240705 75000 황정민
68 29 20240201 50000 박정민
69 21 20240507 300000 김사부
70 20 20240614 100000 황정민
71 9 20240404 200000 박정민
72 14 20240529 175000 김사부
73 1 20240124 220000 황정민
74 19 20240304 90000 박정민
75 12 20240406 110000 김사부
76 23 20240515 45000 황정민
77 10 20240706 75000 박정민
78 17 20240109 50000 김사부
79 25 20240327 300000 황정민
80 8 20240527 100000 박정민
81 22 20240120 200000 김사부
82 30 20240212 175000 황정민
83 18 20240617 220000 박정민
84 3 20240509 90000 김사부
85 6 20240708 110000 황정민
86 27 20240114 45000 박정민
87 7 20240314 75000 김사부
88 15 20240501 50000 황정민
89 13 20240607 300000 박정민
90 5 20240127 100000 김사부
91 29 20240209 200000 황정민
92 2 20240712 175000 박정민
93 24 20240302 220000 김사부
94 28 20240518 90000 황정민
95 21 20240214 110000 박정민
96 26 20240621 45000 김사부
97 23 20240108 75000 황정민
98 16 20240506 50000 박정민
99 11 20240321 300000 김사부
100 20 20240413 100000 황정민